begin
12 19
1 1 1 0 0 0 0 0 0 1 0 0 0 0 0 0 0 0 500
0 0 0 1 1 1 0 0 0 0 1 0 0 0 0 0 0 0 600
0 0 0 0 0 0 1 1 1 0 0 1 0 0 0 0 0 0 300
12 15 20 0 0 0 0 0 0 0 0 0 1 0 0 0 0 0 9000
0 0 0 12 15 20 0 0 0 0 0 0 0 1 0 0 0 0 8000
0 0 0 0 0 0 12 15 20 0 0 0 0 0 1 0 0 0 3500
1 0 0 1 0 0 1 0 0 0 0 0 0 0 0 1 0 0 500
0 1 0 0 1 0 0 1 0 0 0 0 0 0 0 0 1 0 800
0 0 1 0 0 1 0 0 1 0 0 0 0 0 0 0 0 1 600
0.002 0.002 0.002 -0.0016 -0.0016 -0.0016 0 0 0 0 0 0 0 0 0 0 0 0 0
0 0 0 0.0016 0.0016 0.0016 -0.0033 -0.0033 -0.0033 0 0 0 0 0 0 0 0 0 0
-9 -10 -12 -9 -10 -12 -9 -10 -12 0 0 0 0 0 0 0 0 0 0 0 0 0
end